994.857
989.714
984.571
979.429
974.286
969.143
  964
958.857
953.714
948.571
943.428
938.286
933.143
  928
922.857
917.714
912.571
907.428
902.285
897.143
  892
886.857
881.714
876.571
871.428
866.285
861.143
  856
850.857
845.714
840.571
835.428
830.285
825.142
  820
814.857
809.714
804.571
799.428
794.285
786.571
778.857
771.142
763.428
755.714
  748
740.285
732.571
724.857
717.142
709.428
701.714
693.999
686.285
678.571
670.857
663.142
655.428
647.714
639.999
632.285
624.571
616.857
609.142
601.428
593.714
585.999
578.285
570.571
562.857
547.428
531.999
516.571
501.142
485.714
470.285
454.857
439.428
  424
408.571
393.142
377.714
362.285
346.857
331.428
  316
300.571
285.143
269.714
254.285
238.857
223.428
  208
192.571
177.143
161.714
146.286
130.857
115.429

