4.88048	5.6148	-0.472351	-0.271443	
5.03194	5.20582	-0.49224	-0.252742	
6.15252	5.35368	-0.568658	-0.268017	
5.36017	4.47043	-0.517777	-0.216769	
4.82839	5.44446	-0.537402	-0.270186	
5.61261	4.61582	-0.48955	-0.220875	
5.7707	    5	 -0.5	-0.25	
3.6163	    5	 -0.5	-0.25	
6.18861	4.46495	-0.574784	-0.233959	
5.28544	4.90021	-0.544178	-0.25682	
4.66797	6.37924	-0.426156	-0.439666	
4.51028	4.86043	-0.473884	-0.241812	
4.19355	5.34443	-0.447414	-0.268608	
5.03845	4.8908	-0.5014	-0.242938	
4.86077	4.95921	-0.516812	-0.250924	
