   11	    0	  110	    0	
    0	  110	    0	 1958	
  110	    0	 1958	    0	
    0	 1958	    0	41030	
   11	    0	  110	    0	
    0	  110	    0	 1958	
  110	    0	 1958	    0	
    0	 1958	    0	41030	
   11	    0	  110	    0	
    0	  110	    0	 1958	
  110	    0	 1958	    0	
    0	 1958	    0	41030	
   11	    0	  110	    0	
    0	  110	    0	 1958	
  110	    0	 1958	    0	
    0	 1958	    0	41030	
   11	    0	  110	    0	
    0	  110	    0	 1958	
  110	    0	 1958	    0	
    0	 1958	    0	41030	
   11	    0	  110	    0	
    0	  110	    0	 1958	
  110	    0	 1958	    0	
    0	 1958	    0	41030	
   11	    0	  110	    0	
    0	  110	    0	 1958	
  110	    0	 1958	    0	
    0	 1958	    0	41030	
   11	    0	  110	    0	
    0	  110	    0	 1958	
  110	    0	 1958	    0	
    0	 1958	    0	41030	
   11	    0	  110	    0	
    0	  110	    0	 1958	
  110	    0	 1958	    0	
    0	 1958	    0	41030	
   11	    0	  110	    0	
    0	  110	    0	 1958	
  110	    0	 1958	    0	
    0	 1958	    0	41030	
   11	    0	  110	    0	
    0	  110	    0	 1958	
  110	    0	 1958	    0	
    0	 1958	    0	41030	
  101	-5.32907e-15	858.5	6.53699e-13	
-5.32907e-15	858.5	5.40012e-13	13133.3	
858.5	5.40012e-13	13133.3	9.54969e-12	
6.53699e-13	13133.3	9.54969e-12	239152	
   11	    0	  110	    0	
    0	  110	    0	 1958	
  110	    0	 1958	    0	
    0	 1958	    0	41030	
   51	3.55271e-15	  442	-1.42109e-14	
3.55271e-15	  442	-5.68434e-14	6891.66	
  442	-5.68434e-14	6891.66	-5.00222e-12	
-1.42109e-14	6891.66	-5.00222e-12	127857	
  101	-5.32907e-15	858.5	6.53699e-13	
-5.32907e-15	858.5	5.40012e-13	13133.3	
858.5	5.40012e-13	13133.3	9.54969e-12	
6.53699e-13	13133.3	9.54969e-12	239152	
