1.72663	86.1421	-388.011	-143.538	
1.20494	77.7716	-410.293	-177.003	
5.12541	64.1278	-436.654	-514.227	
2.00638	67.3132	-424.189	-140.938	
-6.00192	69.8669	-521.11	-425.469	
7.88816	75.2674	-341.153	-24.7161	
8.47766	 60.5	-344.223	-467.5	
-15.2207	 60.5	-581.207	-467.5	
4.84839	33.0522	-444.681	-856.978	
-1.71968	36.1699	-484.101	-942.707	
4.47051	-159.149	-320.937	-5548.92	
48.7089	996.875	-2351.6	6003.77	
-3.08653	61.9531	-414.747	-556.585	
35.3421	487.485	-1228.49	2644.44	
47.2542	962.019	-2614.5	5122.14	
