    1	   -5	   25	 -125	
    1	   -4	   16	  -64	
    1	   -3	    9	  -27	
    1	   -2	    4	   -8	
    1	   -1	    1	   -1	
    1	    0	    0	    0	
    1	    1	    1	    1	
    1	    2	    4	    8	
    1	    3	    9	   27	
    1	    4	   16	   64	
    1	    5	   25	  125	
    1	   -5	   25	 -125	
    1	   -4	   16	  -64	
    1	   -3	    9	  -27	
    1	   -2	    4	   -8	
    1	   -1	    1	   -1	
    1	    0	    0	    0	
    1	    1	    1	    1	
    1	    2	    4	    8	
    1	    3	    9	   27	
    1	    4	   16	   64	
    1	    5	   25	  125	
    1	   -5	   25	 -125	
    1	   -4	   16	  -64	
    1	   -3	    9	  -27	
    1	   -2	    4	   -8	
    1	   -1	    1	   -1	
    1	    0	    0	    0	
    1	    1	    1	    1	
    1	    2	    4	    8	
    1	    3	    9	   27	
    1	    4	   16	   64	
    1	    5	   25	  125	
    1	   -5	   25	 -125	
    1	   -4	   16	  -64	
    1	   -3	    9	  -27	
    1	   -2	    4	   -8	
    1	   -1	    1	   -1	
    1	    0	    0	    0	
    1	    1	    1	    1	
    1	    2	    4	    8	
    1	    3	    9	   27	
    1	    4	   16	   64	
    1	    5	   25	  125	
    1	   -5	   25	 -125	
    1	   -4	   16	  -64	
    1	   -3	    9	  -27	
    1	   -2	    4	   -8	
    1	   -1	    1	   -1	
    1	    0	    0	    0	
    1	    1	    1	    1	
    1	    2	    4	    8	
    1	    3	    9	   27	
    1	    4	   16	   64	
    1	    5	   25	  125	
    1	   -5	   25	 -125	
    1	   -4	   16	  -64	
    1	   -3	    9	  -27	
    1	   -2	    4	   -8	
    1	   -1	    1	   -1	
    1	    0	    0	    0	
    1	    1	    1	    1	
    1	    2	    4	    8	
    1	    3	    9	   27	
    1	    4	   16	   64	
    1	    5	   25	  125	
    1	   -5	   25	 -125	
    1	   -4	   16	  -64	
    1	   -3	    9	  -27	
    1	   -2	    4	   -8	
    1	   -1	    1	   -1	
    1	    0	    0	    0	
    1	    1	    1	    1	
    1	    2	    4	    8	
    1	    3	    9	   27	
    1	    4	   16	   64	
    1	    5	   25	  125	
    1	   -5	   25	 -125	
    1	   -4	   16	  -64	
    1	   -3	    9	  -27	
    1	   -2	    4	   -8	
    1	   -1	    1	   -1	
    1	    0	    0	    0	
    1	    1	    1	    1	
    1	    2	    4	    8	
    1	    3	    9	   27	
    1	    4	   16	   64	
    1	    5	   25	  125	
    1	   -5	   25	 -125	
    1	   -4	   16	  -64	
    1	   -3	    9	  -27	
    1	   -2	    4	   -8	
    1	   -1	    1	   -1	
    1	    0	    0	    0	
    1	    1	    1	    1	
    1	    2	    4	    8	
    1	    3	    9	   27	
    1	    4	   16	   64	
    1	    5	   25	  125	
    1	   -5	   25	 -125	
    1	   -4	   16	  -64	
    1	   -3	    9	  -27	
    1	   -2	    4	   -8	
    1	   -1	    1	   -1	
    1	    0	    0	    0	
    1	    1	    1	    1	
    1	    2	    4	    8	
    1	    3	    9	   27	
    1	    4	   16	   64	
    1	    5	   25	  125	
    1	   -5	   25	 -125	
    1	   -4	   16	  -64	
    1	   -3	    9	  -27	
    1	   -2	    4	   -8	
    1	   -1	    1	   -1	
    1	    0	    0	    0	
    1	    1	    1	    1	
    1	    2	    4	    8	
    1	    3	    9	   27	
    1	    4	   16	   64	
    1	    5	   25	  125	
    1	   -5	   25	 -125	
    1	 -4.9	24.01	-117.649	
    1	 -4.8	23.04	-110.592	
    1	 -4.7	22.09	-103.823	
    1	 -4.6	21.16	-97.336	
    1	 -4.5	20.25	-91.125	
    1	 -4.4	19.36	-85.184	
    1	 -4.3	18.49	-79.507	
    1	 -4.2	17.64	-74.088	
    1	 -4.1	16.81	-68.921	
    1	   -4	   16	  -64	
    1	 -3.9	15.21	-59.319	
    1	 -3.8	14.44	-54.872	
    1	 -3.7	13.69	-50.653	
    1	 -3.6	12.96	-46.656	
    1	 -3.5	12.25	-42.875	
    1	 -3.4	11.56	-39.304	
    1	 -3.3	10.89	-35.937	
    1	 -3.2	10.24	-32.768	
    1	 -3.1	 9.61	-29.791	
    1	   -3	    9	  -27	
    1	 -2.9	 8.41	-24.389	
    1	 -2.8	 7.84	-21.952	
    1	 -2.7	 7.29	-19.683	
    1	 -2.6	 6.76	-17.576	
    1	 -2.5	 6.25	-15.625	
    1	 -2.4	 5.76	-13.824	
    1	 -2.3	 5.29	-12.167	
    1	 -2.2	 4.84	-10.648	
    1	 -2.1	 4.41	-9.261	
    1	   -2	    4	   -8	
    1	 -1.9	 3.61	-6.859	
    1	 -1.8	 3.24	-5.832	
    1	 -1.7	 2.89	-4.913	
    1	 -1.6	 2.56	-4.096	
    1	 -1.5	 2.25	-3.375	
    1	 -1.4	 1.96	-2.744	
    1	 -1.3	 1.69	-2.197	
    1	 -1.2	 1.44	-1.728	
    1	 -1.1	 1.21	-1.331	
    1	   -1	    1	   -1	
    1	 -0.9	 0.81	-0.729	
    1	 -0.8	 0.64	-0.512	
    1	 -0.7	 0.49	-0.343	
    1	 -0.6	 0.36	-0.216	
    1	 -0.5	 0.25	-0.125	
    1	 -0.4	 0.16	-0.064	
    1	 -0.3	 0.09	-0.027	
    1	 -0.2	 0.04	-0.008	
    1	 -0.1	 0.01	-0.001	
    1	    0	    0	    0	
    1	  0.1	 0.01	0.001	
    1	  0.2	 0.04	0.008	
    1	  0.3	 0.09	0.027	
    1	  0.4	 0.16	0.064	
    1	  0.5	 0.25	0.125	
    1	  0.6	 0.36	0.216	
    1	  0.7	 0.49	0.343	
    1	  0.8	 0.64	0.512	
    1	  0.9	 0.81	0.729	
    1	    1	    1	    1	
    1	  1.1	 1.21	1.331	
    1	  1.2	 1.44	1.728	
    1	  1.3	 1.69	2.197	
    1	  1.4	 1.96	2.744	
    1	  1.5	 2.25	3.375	
    1	  1.6	 2.56	4.096	
    1	  1.7	 2.89	4.913	
    1	  1.8	 3.24	5.832	
    1	  1.9	 3.61	6.859	
    1	    2	    4	    8	
    1	  2.1	 4.41	9.261	
    1	  2.2	 4.84	10.648	
    1	  2.3	 5.29	12.167	
    1	  2.4	 5.76	13.824	
    1	  2.5	 6.25	15.625	
    1	  2.6	 6.76	17.576	
    1	  2.7	 7.29	19.683	
    1	  2.8	 7.84	21.952	
    1	  2.9	 8.41	24.389	
    1	    3	    9	   27	
    1	  3.1	 9.61	29.791	
    1	  3.2	10.24	32.768	
    1	  3.3	10.89	35.937	
    1	  3.4	11.56	39.304	
    1	  3.5	12.25	42.875	
    1	  3.6	12.96	46.656	
    1	  3.7	13.69	50.653	
    1	  3.8	14.44	54.872	
    1	  3.9	15.21	59.319	
    1	    4	   16	   64	
    1	  4.1	16.81	68.921	
    1	  4.2	17.64	74.088	
    1	  4.3	18.49	79.507	
    1	  4.4	19.36	85.184	
    1	  4.5	20.25	91.125	
    1	  4.6	21.16	97.336	
    1	  4.7	22.09	103.823	
    1	  4.8	23.04	110.592	
    1	  4.9	24.01	117.649	
    1	    5	   25	  125	
    1	   -5	   25	 -125	
    1	   -4	   16	  -64	
    1	   -3	    9	  -27	
    1	   -2	    4	   -8	
    1	   -1	    1	   -1	
    1	    0	    0	    0	
    1	    1	    1	    1	
    1	    2	    4	    8	
    1	    3	    9	   27	
    1	    4	   16	   64	
    1	    5	   25	  125	
    1	   -5	   25	 -125	
    1	 -4.8	23.04	-110.592	
    1	 -4.6	21.16	-97.336	
    1	 -4.4	19.36	-85.184	
    1	 -4.2	17.64	-74.088	
    1	   -4	   16	  -64	
    1	 -3.8	14.44	-54.872	
    1	 -3.6	12.96	-46.656	
    1	 -3.4	11.56	-39.304	
    1	 -3.2	10.24	-32.768	
    1	   -3	    9	  -27	
    1	 -2.8	 7.84	-21.952	
    1	 -2.6	 6.76	-17.576	
    1	 -2.4	 5.76	-13.824	
    1	 -2.2	 4.84	-10.648	
    1	   -2	    4	   -8	
    1	 -1.8	 3.24	-5.832	
    1	 -1.6	 2.56	-4.096	
    1	 -1.4	 1.96	-2.744	
    1	 -1.2	 1.44	-1.728	
    1	   -1	    1	   -1	
    1	 -0.8	 0.64	-0.512	
    1	 -0.6	 0.36	-0.216	
    1	 -0.4	 0.16	-0.064	
    1	 -0.2	 0.04	-0.008	
    1	    0	    0	    0	
    1	  0.2	 0.04	0.008	
    1	  0.4	 0.16	0.064	
    1	  0.6	 0.36	0.216	
    1	  0.8	 0.64	0.512	
    1	    1	    1	    1	
    1	  1.2	 1.44	1.728	
    1	  1.4	 1.96	2.744	
    1	  1.6	 2.56	4.096	
    1	  1.8	 3.24	5.832	
    1	    2	    4	    8	
    1	  2.2	 4.84	10.648	
    1	  2.4	 5.76	13.824	
    1	  2.6	 6.76	17.576	
    1	  2.8	 7.84	21.952	
    1	    3	    9	   27	
    1	  3.2	10.24	32.768	
    1	  3.4	11.56	39.304	
    1	  3.6	12.96	46.656	
    1	  3.8	14.44	54.872	
    1	    4	   16	   64	
    1	  4.2	17.64	74.088	
    1	  4.4	19.36	85.184	
    1	  4.6	21.16	97.336	
    1	  4.8	23.04	110.592	
    1	    5	   25	  125	
    1	   -5	   25	 -125	
    1	 -4.9	24.01	-117.649	
    1	 -4.8	23.04	-110.592	
    1	 -4.7	22.09	-103.823	
    1	 -4.6	21.16	-97.336	
    1	 -4.5	20.25	-91.125	
    1	 -4.4	19.36	-85.184	
    1	 -4.3	18.49	-79.507	
    1	 -4.2	17.64	-74.088	
    1	 -4.1	16.81	-68.921	
    1	   -4	   16	  -64	
    1	 -3.9	15.21	-59.319	
    1	 -3.8	14.44	-54.872	
    1	 -3.7	13.69	-50.653	
    1	 -3.6	12.96	-46.656	
    1	 -3.5	12.25	-42.875	
    1	 -3.4	11.56	-39.304	
    1	 -3.3	10.89	-35.937	
    1	 -3.2	10.24	-32.768	
    1	 -3.1	 9.61	-29.791	
    1	   -3	    9	  -27	
    1	 -2.9	 8.41	-24.389	
    1	 -2.8	 7.84	-21.952	
    1	 -2.7	 7.29	-19.683	
    1	 -2.6	 6.76	-17.576	
    1	 -2.5	 6.25	-15.625	
    1	 -2.4	 5.76	-13.824	
    1	 -2.3	 5.29	-12.167	
    1	 -2.2	 4.84	-10.648	
    1	 -2.1	 4.41	-9.261	
    1	   -2	    4	   -8	
    1	 -1.9	 3.61	-6.859	
    1	 -1.8	 3.24	-5.832	
    1	 -1.7	 2.89	-4.913	
    1	 -1.6	 2.56	-4.096	
    1	 -1.5	 2.25	-3.375	
    1	 -1.4	 1.96	-2.744	
    1	 -1.3	 1.69	-2.197	
    1	 -1.2	 1.44	-1.728	
    1	 -1.1	 1.21	-1.331	
    1	   -1	    1	   -1	
    1	 -0.9	 0.81	-0.729	
    1	 -0.8	 0.64	-0.512	
    1	 -0.7	 0.49	-0.343	
    1	 -0.6	 0.36	-0.216	
    1	 -0.5	 0.25	-0.125	
    1	 -0.4	 0.16	-0.064	
    1	 -0.3	 0.09	-0.027	
    1	 -0.2	 0.04	-0.008	
    1	 -0.1	 0.01	-0.001	
    1	    0	    0	    0	
    1	  0.1	 0.01	0.001	
    1	  0.2	 0.04	0.008	
    1	  0.3	 0.09	0.027	
    1	  0.4	 0.16	0.064	
    1	  0.5	 0.25	0.125	
    1	  0.6	 0.36	0.216	
    1	  0.7	 0.49	0.343	
    1	  0.8	 0.64	0.512	
    1	  0.9	 0.81	0.729	
    1	    1	    1	    1	
    1	  1.1	 1.21	1.331	
    1	  1.2	 1.44	1.728	
    1	  1.3	 1.69	2.197	
    1	  1.4	 1.96	2.744	
    1	  1.5	 2.25	3.375	
    1	  1.6	 2.56	4.096	
    1	  1.7	 2.89	4.913	
    1	  1.8	 3.24	5.832	
    1	  1.9	 3.61	6.859	
    1	    2	    4	    8	
    1	  2.1	 4.41	9.261	
    1	  2.2	 4.84	10.648	
    1	  2.3	 5.29	12.167	
    1	  2.4	 5.76	13.824	
    1	  2.5	 6.25	15.625	
    1	  2.6	 6.76	17.576	
    1	  2.7	 7.29	19.683	
    1	  2.8	 7.84	21.952	
    1	  2.9	 8.41	24.389	
    1	    3	    9	   27	
    1	  3.1	 9.61	29.791	
    1	  3.2	10.24	32.768	
    1	  3.3	10.89	35.937	
    1	  3.4	11.56	39.304	
    1	  3.5	12.25	42.875	
    1	  3.6	12.96	46.656	
    1	  3.7	13.69	50.653	
    1	  3.8	14.44	54.872	
    1	  3.9	15.21	59.319	
    1	    4	   16	   64	
    1	  4.1	16.81	68.921	
    1	  4.2	17.64	74.088	
    1	  4.3	18.49	79.507	
    1	  4.4	19.36	85.184	
    1	  4.5	20.25	91.125	
    1	  4.6	21.16	97.336	
    1	  4.7	22.09	103.823	
    1	  4.8	23.04	110.592	
    1	  4.9	24.01	117.649	
    1	    5	   25	  125	
