    1	    1	    1	    1	    1	    1	    1	    1	    1	    1	    1	
   -5	   -4	   -3	   -2	   -1	    0	    1	    2	    3	    4	    5	
   25	   16	    9	    4	    1	    0	    1	    4	    9	   16	   25	
 -125	  -64	  -27	   -8	   -1	    0	    1	    8	   27	   64	  125	
    1	    1	    1	    1	    1	    1	    1	    1	    1	    1	    1	
   -5	   -4	   -3	   -2	   -1	    0	    1	    2	    3	    4	    5	
   25	   16	    9	    4	    1	    0	    1	    4	    9	   16	   25	
 -125	  -64	  -27	   -8	   -1	    0	    1	    8	   27	   64	  125	
    1	    1	    1	    1	    1	    1	    1	    1	    1	    1	    1	
   -5	   -4	   -3	   -2	   -1	    0	    1	    2	    3	    4	    5	
   25	   16	    9	    4	    1	    0	    1	    4	    9	   16	   25	
 -125	  -64	  -27	   -8	   -1	    0	    1	    8	   27	   64	  125	
    1	    1	    1	    1	    1	    1	    1	    1	    1	    1	    1	
   -5	   -4	   -3	   -2	   -1	    0	    1	    2	    3	    4	    5	
   25	   16	    9	    4	    1	    0	    1	    4	    9	   16	   25	
 -125	  -64	  -27	   -8	   -1	    0	    1	    8	   27	   64	  125	
    1	    1	    1	    1	    1	    1	    1	    1	    1	    1	    1	
   -5	   -4	   -3	   -2	   -1	    0	    1	    2	    3	    4	    5	
   25	   16	    9	    4	    1	    0	    1	    4	    9	   16	   25	
 -125	  -64	  -27	   -8	   -1	    0	    1	    8	   27	   64	  125	
    1	    1	    1	    1	    1	    1	    1	    1	    1	    1	    1	
   -5	   -4	   -3	   -2	   -1	    0	    1	    2	    3	    4	    5	
   25	   16	    9	    4	    1	    0	    1	    4	    9	   16	   25	
 -125	  -64	  -27	   -8	   -1	    0	    1	    8	   27	   64	  125	
    1	    1	    1	    1	    1	    1	    1	    1	    1	    1	    1	
   -5	   -4	   -3	   -2	   -1	    0	    1	    2	    3	    4	    5	
   25	   16	    9	    4	    1	    0	    1	    4	    9	   16	   25	
 -125	  -64	  -27	   -8	   -1	    0	    1	    8	   27	   64	  125	
    1	    1	    1	    1	    1	    1	    1	    1	    1	    1	    1	
   -5	   -4	   -3	   -2	   -1	    0	    1	    2	    3	    4	    5	
   25	   16	    9	    4	    1	    0	    1	    4	    9	   16	   25	
 -125	  -64	  -27	   -8	   -1	    0	    1	    8	   27	   64	  125	
    1	    1	    1	    1	    1	    1	    1	    1	    1	    1	    1	
   -5	   -4	   -3	   -2	   -1	    0	    1	    2	    3	    4	    5	
   25	   16	    9	    4	    1	    0	    1	    4	    9	   16	   25	
 -125	  -64	  -27	   -8	   -1	    0	    1	    8	   27	   64	  125	
    1	    1	    1	    1	    1	    1	    1	    1	    1	    1	    1	
   -5	   -4	   -3	   -2	   -1	    0	    1	    2	    3	    4	    5	
   25	   16	    9	    4	    1	    0	    1	    4	    9	   16	   25	
 -125	  -64	  -27	   -8	   -1	    0	    1	    8	   27	   64	  125	
    1	    1	    1	    1	    1	    1	    1	    1	    1	    1	    1	
   -5	   -4	   -3	   -2	   -1	    0	    1	    2	    3	    4	    5	
   25	   16	    9	    4	    1	    0	    1	    4	    9	   16	   25	
 -125	  -64	  -27	   -8	   -1	    0	    1	    8	   27	   64	  125	
    1	    1	    1	    1	    1	    1	    1	    1	    1	    1	    1	    1	    1	    1	    1	    1	    1	    1	    1	    1	    1	    1	    1	    1	    1	    1	    1	    1	    1	    1	    1	    1	    1	    1	    1	    1	    1	    1	    1	    1	    1	    1	    1	    1	    1	    1	    1	    1	    1	    1	    1	    1	    1	    1	    1	    1	    1	    1	    1	    1	    1	    1	    1	    1	    1	    1	    1	    1	    1	    1	    1	    1	    1	    1	    1	    1	    1	    1	    1	    1	    1	    1	    1	    1	    1	    1	    1	    1	    1	    1	    1	    1	    1	    1	    1	    1	    1	    1	    1	    1	    1	
   -5	 -4.9	 -4.8	 -4.7	 -4.6	 -4.5	 -4.4	 -4.3	 -4.2	 -4.1	   -4	 -3.9	 -3.8	 -3.7	 -3.6	 -3.5	 -3.4	 -3.3	 -3.2	 -3.1	   -3	 -2.9	 -2.8	 -2.7	 -2.6	 -2.5	 -2.4	 -2.3	 -2.2	 -2.1	   -2	 -1.9	 -1.8	 -1.7	 -1.6	 -1.5	 -1.4	 -1.3	 -1.2	 -1.1	   -1	 -0.9	 -0.8	 -0.7	 -0.6	 -0.5	 -0.4	 -0.3	 -0.2	 -0.1	    0	  0.1	  0.2	  0.3	  0.4	  0.5	  0.6	  0.7	  0.8	  0.9	    1	  1.1	  1.2	  1.3	  1.4	  1.5	  1.6	  1.7	  1.8	  1.9	    2	  2.1	  2.2	  2.3	  2.4	  2.5	  2.6	  2.7	  2.8	  2.9	    3	  3.1	  3.2	  3.3	  3.4	  3.5	  3.6	  3.7	  3.8	  3.9	    4	  4.1	  4.2	  4.3	  4.4	  4.5	  4.6	  4.7	  4.8	  4.9	    5	
   25	24.01	23.04	22.09	21.16	20.25	19.36	18.49	17.64	16.81	   16	15.21	14.44	13.69	12.96	12.25	11.56	10.89	10.24	 9.61	    9	 8.41	 7.84	 7.29	 6.76	 6.25	 5.76	 5.29	 4.84	 4.41	    4	 3.61	 3.24	 2.89	 2.56	 2.25	 1.96	 1.69	 1.44	 1.21	    1	 0.81	 0.64	 0.49	 0.36	 0.25	 0.16	 0.09	 0.04	 0.01	    0	 0.01	 0.04	 0.09	 0.16	 0.25	 0.36	 0.49	 0.64	 0.81	    1	 1.21	 1.44	 1.69	 1.96	 2.25	 2.56	 2.89	 3.24	 3.61	    4	 4.41	 4.84	 5.29	 5.76	 6.25	 6.76	 7.29	 7.84	 8.41	    9	 9.61	10.24	10.89	11.56	12.25	12.96	13.69	14.44	15.21	   16	16.81	17.64	18.49	19.36	20.25	21.16	22.09	23.04	24.01	   25	
 -125	-117.649	-110.592	-103.823	-97.336	-91.125	-85.184	-79.507	-74.088	-68.921	  -64	-59.319	-54.872	-50.653	-46.656	-42.875	-39.304	-35.937	-32.768	-29.791	  -27	-24.389	-21.952	-19.683	-17.576	-15.625	-13.824	-12.167	-10.648	-9.261	   -8	-6.859	-5.832	-4.913	-4.096	-3.375	-2.744	-2.197	-1.728	-1.331	   -1	-0.729	-0.512	-0.343	-0.216	-0.125	-0.064	-0.027	-0.008	-0.001	    0	0.001	0.008	0.027	0.064	0.125	0.216	0.343	0.512	0.729	    1	1.331	1.728	2.197	2.744	3.375	4.096	4.913	5.832	6.859	    8	9.261	10.648	12.167	13.824	15.625	17.576	19.683	21.952	24.389	   27	29.791	32.768	35.937	39.304	42.875	46.656	50.653	54.872	59.319	   64	68.921	74.088	79.507	85.184	91.125	97.336	103.823	110.592	117.649	  125	
    1	    1	    1	    1	    1	    1	    1	    1	    1	    1	    1	
   -5	   -4	   -3	   -2	   -1	    0	    1	    2	    3	    4	    5	
   25	   16	    9	    4	    1	    0	    1	    4	    9	   16	   25	
 -125	  -64	  -27	   -8	   -1	    0	    1	    8	   27	   64	  125	
    1	    1	    1	    1	    1	    1	    1	    1	    1	    1	    1	    1	    1	    1	    1	    1	    1	    1	    1	    1	    1	    1	    1	    1	    1	    1	    1	    1	    1	    1	    1	    1	    1	    1	    1	    1	    1	    1	    1	    1	    1	    1	    1	    1	    1	    1	    1	    1	    1	    1	    1	
   -5	 -4.8	 -4.6	 -4.4	 -4.2	   -4	 -3.8	 -3.6	 -3.4	 -3.2	   -3	 -2.8	 -2.6	 -2.4	 -2.2	   -2	 -1.8	 -1.6	 -1.4	 -1.2	   -1	 -0.8	 -0.6	 -0.4	 -0.2	    0	  0.2	  0.4	  0.6	  0.8	    1	  1.2	  1.4	  1.6	  1.8	    2	  2.2	  2.4	  2.6	  2.8	    3	  3.2	  3.4	  3.6	  3.8	    4	  4.2	  4.4	  4.6	  4.8	    5	
   25	23.04	21.16	19.36	17.64	   16	14.44	12.96	11.56	10.24	    9	 7.84	 6.76	 5.76	 4.84	    4	 3.24	 2.56	 1.96	 1.44	    1	 0.64	 0.36	 0.16	 0.04	    0	 0.04	 0.16	 0.36	 0.64	    1	 1.44	 1.96	 2.56	 3.24	    4	 4.84	 5.76	 6.76	 7.84	    9	10.24	11.56	12.96	14.44	   16	17.64	19.36	21.16	23.04	   25	
 -125	-110.592	-97.336	-85.184	-74.088	  -64	-54.872	-46.656	-39.304	-32.768	  -27	-21.952	-17.576	-13.824	-10.648	   -8	-5.832	-4.096	-2.744	-1.728	   -1	-0.512	-0.216	-0.064	-0.008	    0	0.008	0.064	0.216	0.512	    1	1.728	2.744	4.096	5.832	    8	10.648	13.824	17.576	21.952	   27	32.768	39.304	46.656	54.872	   64	74.088	85.184	97.336	110.592	  125	
    1	    1	    1	    1	    1	    1	    1	    1	    1	    1	    1	    1	    1	    1	    1	    1	    1	    1	    1	    1	    1	    1	    1	    1	    1	    1	    1	    1	    1	    1	    1	    1	    1	    1	    1	    1	    1	    1	    1	    1	    1	    1	    1	    1	    1	    1	    1	    1	    1	    1	    1	    1	    1	    1	    1	    1	    1	    1	    1	    1	    1	    1	    1	    1	    1	    1	    1	    1	    1	    1	    1	    1	    1	    1	    1	    1	    1	    1	    1	    1	    1	    1	    1	    1	    1	    1	    1	    1	    1	    1	    1	    1	    1	    1	    1	    1	    1	    1	    1	    1	    1	
   -5	 -4.9	 -4.8	 -4.7	 -4.6	 -4.5	 -4.4	 -4.3	 -4.2	 -4.1	   -4	 -3.9	 -3.8	 -3.7	 -3.6	 -3.5	 -3.4	 -3.3	 -3.2	 -3.1	   -3	 -2.9	 -2.8	 -2.7	 -2.6	 -2.5	 -2.4	 -2.3	 -2.2	 -2.1	   -2	 -1.9	 -1.8	 -1.7	 -1.6	 -1.5	 -1.4	 -1.3	 -1.2	 -1.1	   -1	 -0.9	 -0.8	 -0.7	 -0.6	 -0.5	 -0.4	 -0.3	 -0.2	 -0.1	    0	  0.1	  0.2	  0.3	  0.4	  0.5	  0.6	  0.7	  0.8	  0.9	    1	  1.1	  1.2	  1.3	  1.4	  1.5	  1.6	  1.7	  1.8	  1.9	    2	  2.1	  2.2	  2.3	  2.4	  2.5	  2.6	  2.7	  2.8	  2.9	    3	  3.1	  3.2	  3.3	  3.4	  3.5	  3.6	  3.7	  3.8	  3.9	    4	  4.1	  4.2	  4.3	  4.4	  4.5	  4.6	  4.7	  4.8	  4.9	    5	
   25	24.01	23.04	22.09	21.16	20.25	19.36	18.49	17.64	16.81	   16	15.21	14.44	13.69	12.96	12.25	11.56	10.89	10.24	 9.61	    9	 8.41	 7.84	 7.29	 6.76	 6.25	 5.76	 5.29	 4.84	 4.41	    4	 3.61	 3.24	 2.89	 2.56	 2.25	 1.96	 1.69	 1.44	 1.21	    1	 0.81	 0.64	 0.49	 0.36	 0.25	 0.16	 0.09	 0.04	 0.01	    0	 0.01	 0.04	 0.09	 0.16	 0.25	 0.36	 0.49	 0.64	 0.81	    1	 1.21	 1.44	 1.69	 1.96	 2.25	 2.56	 2.89	 3.24	 3.61	    4	 4.41	 4.84	 5.29	 5.76	 6.25	 6.76	 7.29	 7.84	 8.41	    9	 9.61	10.24	10.89	11.56	12.25	12.96	13.69	14.44	15.21	   16	16.81	17.64	18.49	19.36	20.25	21.16	22.09	23.04	24.01	   25	
 -125	-117.649	-110.592	-103.823	-97.336	-91.125	-85.184	-79.507	-74.088	-68.921	  -64	-59.319	-54.872	-50.653	-46.656	-42.875	-39.304	-35.937	-32.768	-29.791	  -27	-24.389	-21.952	-19.683	-17.576	-15.625	-13.824	-12.167	-10.648	-9.261	   -8	-6.859	-5.832	-4.913	-4.096	-3.375	-2.744	-2.197	-1.728	-1.331	   -1	-0.729	-0.512	-0.343	-0.216	-0.125	-0.064	-0.027	-0.008	-0.001	    0	0.001	0.008	0.027	0.064	0.125	0.216	0.343	0.512	0.729	    1	1.331	1.728	2.197	2.744	3.375	4.096	4.913	5.832	6.859	    8	9.261	10.648	12.167	13.824	15.625	17.576	19.683	21.952	24.389	   27	29.791	32.768	35.937	39.304	42.875	46.656	50.653	54.872	59.319	   64	68.921	74.088	79.507	85.184	91.125	97.336	103.823	110.592	117.649	  125	
