-0.17025	-9.11319	-9.25309	-5.13339	-2.5495	7.20766	10.7524	10.0715	9.68243	2.84053	-12.6085	
-2.81661	-6.97496	-6.44038	-4.09303	-2.02435	3.32972	8.89363	11.1765	11.238	3.28555	-14.3691	
-0.246056	-9.35598	-7.70832	-3.79397	1.46645	6.00297	9.71254	12.9906	8.47247	2.80756	-15.2228	
-3.39466	-5.32458	-8.0867	-3.46981	-1.16203	7.35376	9.17751	9.8045	8.21247	1.22371	-12.3278	
-1.84492	-7.98771	-9.87791	-6.70778	-0.0577184	5.66315	8.40448	12.5807	9.11421	-1.11802	-14.1704	
-2.52792	-6.49013	-5.2916	-3.92456	-0.226834	4.47201	10.3208	11.8458	8.80438	2.24029	-11.334	
-0.479303	-6.2293	-6.9793	-4.2293	0.520697	5.7707	10.0207	11.7707	9.5207	1.7707	-12.9793	
-2.6337	-8.3837	-9.1337	-6.3837	-1.6337	3.6163	7.8663	9.6163	7.3663	-0.383702	-15.1337	
-0.875412	-7.08667	-5.25981	-3.17204	2.04648	5.68129	10.4887	9.2458	7.62998	2.36917	-16.2191	
-0.201962	-8.27606	-5.79369	-3.93464	-2.41201	6.824	10.1326	9.44125	8.6861	-0.246424	-15.9388	
22.4516	-20.0279	15.5455	-3.82209	-8.00228	-10.3974	14.8389	30.361	-0.0294072	-10.7522	-25.6953	
-0.543377	-3.17825	-4.48782	-2.94571	-3.92621	-5.55904	-5.4365	-3.44317	-4.98408	-6.50235	-9.43265	-7.48799	-8.24107	-10.1513	-6.29875	-8.76695	-7.05302	-6.02654	-6.60453	-5.43576	-8.48969	-8.34597	-9.76363	-9.54043	-7.28545	-8.96225	-7.88717	-7.39524	-5.1788	-4.68705	-3.85337	-5.80442	-2.0448	-1.68593	-1.32664	-2.84425	-3.47847	-2.41889	-1.42593	-3.1428	1.79926	0.206677	0.724704	0.15094	1.83391	1.34021	3.38549	1.82264	2.35017	3.76821	3.28238	5.62323	7.01274	4.899	7.2163	5.57904	6.47326	9.51838	7.9953	10.6992	8.80183	7.65218	7.92028	9.27478	7.95475	8.0329	12.302	9.76303	10.3005	9.94835	10.0657	9.90751	12.3155	12.2957	10.902	9.32619	8.14239	8.12169	9.31033	7.98231	8.7104	8.74796	9.10104	5.56589	7.84546	4.88159	4.08643	1.65047	1.13647	3.23898	2.94518	-0.00894967	0.421664	-5.10429	-2.18067	-3.52184	-9.39489	-7.59939	-11.8473	-12.5196	-11.3805	
0.291262	-8.3876	-8.10674	-6.4706	1.20338	3.63022	6.79223	9.62318	10.7149	2.4986	-14.8753	
-2.24439	-3.38805	-6.1234	-3.51749	-4.63826	-6.12338	-8.51137	-7.52847	-8.40655	-8.62191	-6.05499	-6.02965	-9.12506	-5.22491	-7.08262	-5.5152	-4.88447	-1.28639	-0.763417	0.219217	-1.99729	-0.63012	1.55305	2.08569	3.72556	7.38018	5.01181	8.75059	7.25618	7.75523	8.29857	10.8438	11.5212	10.3672	11.2843	11.3469	8.9658	12.5169	8.36046	9.68724	7.40902	10.0175	5.3916	3.87596	4.09056	1.17297	-0.337241	-6.16991	-7.27142	-10.1327	-11.9367	
-3.15447	-3.91248	-2.90334	-2.60756	-3.66673	-2.75824	-6.95884	-4.73249	-4.53464	-6.35831	-6.57964	-7.32391	-9.96614	-9.7575	-10.2295	-6.16193	-10.072	-9.13388	-6.26428	-10.3131	-7.58821	-9.47368	-6.38651	-7.32767	-7.36539	-4.52486	-7.6209	-6.30542	-4.23188	-2.89002	-5.82662	-2.4686	-5.982	-2.07471	-2.65266	-1.52198	-1.06645	-0.267249	-1.39297	-0.281344	-0.905061	-1.90737	-1.24975	0.721546	0.113627	0.435042	1.56112	2.08339	3.33766	2.28408	3.66581	7.5122	4.40091	8.65956	6.31803	7.88727	9.67119	8.88637	6.39335	9.84407	9.96685	9.07698	10.401	11.5026	8.99077	9.18755	10.8521	13.2111	8.6068	8.53139	11.3752	10.5095	8.78452	11.6307	12.0745	9.0749	11.5723	7.4699	9.31979	7.39967	6.57449	9.14086	5.40737	5.81814	6.99891	5.28965	6.64691	4.00186	0.912519	4.19751	-0.558576	0.932119	-2.19502	-1.12736	-4.01179	-5.1025	-9.26331	-10.8804	-9.97993	-14.0818	-16.0785	
